$ANSIBLE_VAULT;1.1;AES256
63386336306133396165306261316339316437633566653237616562653166303565633539633965
6238626162373336653136386465336334323935326636390a303739326330646162326364326137
34363165653964386334383066363232636461306264633864663861353734323835303466666231
6665313333333038660a633735376361343666343063303766353636323838393533366638313236
39313631326637353735303037623565613938643731623166643562373864363532313635666439
65323936343163396632353537326638396635366561303037366665366561333839626562363031
64646231346635653531623965653339643630363439383730396536643564366238633761313265
32623866386361343932613836663738396139396131366331363032333036333835333436613266
34366662643665393563393436343432353430313662353535326137343536306236353830363966
64306164343339303261313733393138636436393663363136343438343537313234613863386536
30376264366535323263356261666339303832313666313564343235343664646533653833386539
66346262366463636364646135643736343964636164643638646564613032353931303932363636
37396130336362306364386466386161313466336233363336323963373261303763623338366130
34393432653163636561613563626562653263656466356264656665376663346266366632353037
62386233393266656135383665633366303061316430356131643032656332656364613333326166
34633130353134303335303963353732303962396432643136386533303838613938343365633339
63663437316662613739353565363764353935613932613261316261653364353438633533383431
66383935376233373331393336643863346163646630303230343635333032663365366462303331
63643366623266626330646337383364383836333434306133343563333834646561373034386334
37303737333364343936303064633235356132636662346663343861303065303934343636343133
34323061376534313561346430633538383261613630663330313339653733356635326163373930
30353034653636383165616662393039393230323035653135303865383862333134633964333432
34356566336231363066663664333162316532306532336662326432653334646131643131386137
33363434616639313662646461343130333934373338336334386137303764326530313263376266
32356361623162333436623866333665653330613437613934396664633831653031386461363834
30333638373438323066366432366566383235613061396364353961333531356139343035303264
373662323534346563386636386161613534
