$ANSIBLE_VAULT;1.1;AES256
36373738313263363231323666623631643966633665636361386561383666383833383530646661
6233646132303231303335336261343237613436343164630a383835333037656663313531386539
35393635666566396633666565336239326163313565663262396231633735393130393837653431
6230643539613437370a613863353334616333663633343130393733663336303038363231373562
61393138616634646562663530653065663466373439346239626230363639393634386339643439
31303662656439633265333937646539643561323433303037356266386333343832613131303234
62396530323231313839353039323265363066636530393261363436396336343436633466393663
32323665363139326461636666626530636630333861346364636565663332323764613766613737
36303738396361333031653064653931356634326633643235336562643531653335373936656236
64623964373239326630663933653738643139353737613231633834623337323462343062343038
31336362656332663938623232663937393634656535333366616138616337393436316239313937
62323032363539626431646336393261356563643865353833633831623264653238636164613738
35306137353335356666316330643232643539666136326539633035663465303838633966653664
66376435333837646234633437363166303231333261323433356438353236663362363135366363
61643762643163623734356638353635613766326639313563376532633138626133643162306462
62336462343234353038646235663233353132363835643534663637393839613232663839643138
62663136303739323065326464643738393566313130383634623738653764643261666164653761
39313137303331336533663536373763643530313636353332333964323533663962306461313134
65613866333636316263303534316463366534346636373731653162343766613265663430383062
32653636643062376531653930336431306165656631343935303732636536303163653761323733
32336537373138643638326634353032386364353134663564393134336634646537643032646434
36336565636133353839373462353864653934636638336164303264653931333637303131653961
65346661383164316364626330313436303062643837656431323462343963623262313164336337
65343965616639363632653033323835633830626564333736376338643232613063313866643231
36376633353163663162613339336166653563343861336334636361303331613536313736353231
30666639376263613235346233303631643935636262643936316463393738373832353236643635
33613438383437613636313430316432313230306532346561613638633936336361316633656634
31386334366263653832663263323864346435346361643532626438323462643137646132376265
31333530313139356239393430653235636562363331383335656164316566386338663536663439
62633932636638336533333031343665613634626637653166376464646665636162613066363736
63623136363233363130366234656438316538636262653363633038646333313263633638633433
65333831633038333265633163303963646330653131366534646664353762386662306665393165
34343265633332653434656639343830636336623131366163386530623037653939323836646530
35616235326133306532613836623931643339383561383061663333613432663935326165323230
39626234363930623830366337396535666233383834643961643466373239346638376463376534
34306537373564336632386230663237656233303433383736623037333531316331393637633435
33313337353736356139613739313636393333336537386463336237353438623236633232353039
64323531633563663662623862353731333733373666336533333832613131356163313833666131
61376139363431343538363331313864386265386333616433373134323463666262636465343063
62656232613030663337316234313465313731326638636332383435346438633036663031653165
62323432613336646330313365666164323835643763646335303639613766633830303134376361
64383166343439613334323833346638333363623965666630643666323438656230373832383431
37363639343738386236396464313962663738396132323132376134623736336661663963323034
62646130643938383131306635383532663833653033643064333437323339353430653935633934
33633164663565383664303739326135323464326266363031656134336466313630303137633665
30323634633664333038663061636531623632336230386436346434363930383031373936623138
31643063333034393435383834323638343930613638623439613832333930643033376534656131
38323963383230313939323361613764346332376434653034333966316561643530666163383463
61396562393638633233336161333337656366376230373566663132623264633863626564383265
61663035616133346632316336323030653564376365353566633837393061636366643233306633
39303563366535323365356536346430346534636534396163303333343637313934343138333536
33303731333166653233363037366339626563613435386265613935323263633739363737613038
65623732323336613563353434323566326330316335613632663566356138623766626230623038
36656462306234626238393730336335353735383935633266353064633862333538346566313933
37316630353635346137326330393532393164663833393738313636386464666632306436343364
64656539326663646439643235623965663164343138343233613035383265356134336137333132
66643165626136663630653963646363333362323338663764313333383332313566396637306661
63623061393865636536353565613434376335303536643261633032623464623539643938303131
35623731306464386263343365343537393436363766326130306336643365386330303934313235
30333033653730663038636236636265656438616633303833383562323139376264343834333463
39366435316336393936366531353432633562353862393634393431393232313330366466623366
32646532313734613233356665386165383433643936386136356166376662343066326431396164
33353439353036356262626230316637383137373434373930346230616336356536346364356132
65633764306131336666383532626663346166323337613430323961366136343332663733336132
36613330303732633761656539306536346562613563643637383032373066383330396161623434
63323731396162633532383038323239373163373533313337316133653639363562613663363464
38653331336133333564323830393161333530333665343338616330393331393866313365363363
33333438356432376633636663323932613032626437323265663231353763396165373762396237
38656166373034663338393366346131353332363034613937346134356563363662666562653939
31353434323636333536376239383565316530623933306237323562646463636666613033316235
66343634613638326435646634333963333935383631633038346132353933356539613262626230
30356235616466653164396332633138623165323233663231376465393231643563616332646561
33353663366333336133613366643465396665646631653864353336353532353834316339383863
64656630386265336333613336616362346434643638323937623162613032366130346538316161
64363266326237356362306233633930316163643236643564363539303932623539656562383665
65653337346337303634346235316530353631636434346331303735393766386430376265313266
6237
